100000000
000100001
100000001
000100010
100000010
000100011
000010000
000100100
000100101
000100110
000100111
000101000
000101010
000000011
011100001
000101001
000000100
000110010
100110000
000000110
010110001
000100110
101000000
000111010
100110001
101010000
000000101
011000001
000100101
101010000
000010001
010110100
000100100
100100010
000010000
000100100
101010000
000000101
000100111
000000110
000101000
000000100
000111001
100110011
000000110
010111000
000101000
101000000
000111010
100110100
101010000
000000111
011000001
000100111
101010000
000000111
010110101
101010000
000100111
000010001
010110100
000100100
100100101
000000111
100010011
000001000
100010100
000010001
001100101
000100010
000010000
000100011
000010000
000100101
000011000
011001000
000100110
000010001
001100110
000100111
000010110
110010000
000100001
000010101
000101001
000010000
000101010
000000011
000110111
100111100
000010000
000100100
110010010
000101000
000000100
000111001
100111010
000001000
010100001
011110110
000111010
100111011
000001000
010000001
000101000
000000100
011000001
000100100
100101001
000000101
011000001
000100101
000000011
011000001
000100011
000000010
011000001
000100010
100101000
000000101
100010101
000010001
001100111
000100001
000010000
000100010
000010001
001100110
000100011
000011111
011000101
000100111
000000010
000110111
100110111
000000010
011000001
000100110
000000110
000110111
100110110
000000001
010110010
110010000
000100100
000000001
010110110
110010000
000100101
011010100
000101000
101000000
001000001
100111111
110101000
000101000
000110011
110001111
000001000
000100011
101010000
000000110
011000001
000100110
100101110
000000010
011000001
000100010
100101101
000000011
100011100
