100000000
000100001
100000001
000100010
100000010
000100011
000010000
000100100
000100101
000100110
000100111
000101000
000011000
000101001
000010000
000101010
000101011
000000100
000111001
100110000
000010001
001010100
010010010
000111011
100110001
000000001
001010100
010110110
000100110
101000000
000111011
100110010
000000101
011000001
000100101
000010001
010110100
000100100
100100011
000010000
000100100
101010000
000000100
000111001
100110100
000010001
001010100
010010011
000111011
100110101
000011000
011010100
000101010
000000110
001111010
000101010
000000110
001010100
000100110
000000101
001010100
101101010
000100101
000001000
010110110
000101000
101000000
000111011
100110110
000000111
011000001
000100111
000000111
010110101
000100111
000000100
010110001
000100100
100100111
000000111
100010011
000001000
100010100
