000010001
001100101
000100010
000010000
000100011
000010000
000100101
000011000
011001000
000100110
000010001
001100110
000100111
000010110
110010000
000100001
000010101
000101001
000010000
000101010
000000011
000110111
100111100
000010000
000100100
110010010
000101000
000000100
000111001
100111010
000001000
010100001
011110110
000111010
100111011
000001000
010000001
000101000
000000100
011000001
000100100
100101001
000000101
011000001
000100101
000000011
011000001
000100011
000000010
011000001
000100010
100101000
000000101
100010101
