000010001
001100111
000100001
000010000
000100010
000010001
001100111
011100001
000100011
000010001
001100111
010110011
000100011
000011111
011000101
000100111
000000010
000110111
100111110
000000001
010110010
110010000
000100100
000000001
010110010
011000001
110010000
000100101
000110100
101111100
000000101
000100110
000000100
000100101
000000110
000100100
000000100
011010101
000101000
000110011
110001101
000001000
000100011
000000010
011000010
000100010
100101011
000000011
100011100
